%YAML:1.0
---
model_type: KANNALA_BRANDT
camera_name: camera
image_width: 3040
image_height: 3040
projection_parameters:
   k2: 3.5654334115208651e-02
   k3: 1.1047793563399837e-02
   k4: -1.1690500819829969e-02
   k5: 1.1487587062677970e-03
   mu: 8.6792853841866929e+02
   mv: 8.6859530223531021e+02
   u0: 1.5124182637707440e+03
   v0: 1.5172018510654307e+03
